40
-20.0 1.0880422217787395
-19.0 0.1503022409236186
-18.0 -0.8242369704835132
-17.0 -1.5969742252469805
-16.0 -1.9787164932467636
-15.0 -1.8759999535494778
-14.0 -1.3139731974375781
-13.0 -0.43023997617563103
-12.0 0.5588309963978517
-11.0 1.4110806511407838
-10.0 1.917848549326277
-9.0 1.955060235330194
-8.0 1.5136049906158564
-7.0 -0.6727972050408579
-6.0 -0.2822400161197344
-5.0 -1.1969442882079129
-4.0 -1.8185948536513634
-3.0 -1.994989973208109
-2.0 -1.682941969615793
-1.0 -0.958851077208406
0.0 0.0
1.0 0.958851077208406
2.0 1.682941969615793
3.0 1.994989973208109
4.0 1.8185948536513634
5.0 1.1969442882079129
6.0 0.2822400161197344
7.0 -0.7015664553792397
8.0 -1.5136049906158564
9.0 -1.955060235330194
10.0 -1.917848549326277
11.0 -1.4110806511407838
12.0 -0.5588309963978517
13.0 0.43023997617563103
14.0 1.3139731974375781
15.0 1.8759999535494778
16.0 1.9787164932467636
17.0 1.5969742252469805
18.0 0.8242369704835132
19.0 -0.1503022409236186
